12 0.130859 0.63151 0.0146484 0.0442708
11 0.544189 0.348633 0.0141602 0.0449219
24 0.130859 0.63151 0.0146484 0.0442708
44 0.707275 0.181966 0.0141602 0.0410156
7 0.544189 0.348633 0.0141602 0.046224
32 0.674072 0.354818 0.0141602 0.0416667
24 0.224609 0.818034 0.0146484 0.0449219
51 0.575684 0.752604 0.0146484 0.046875
48 0.28418 0.644531 0.0136719 0.0429688
29 0.721191 0.71875 0.0146484 0.0455729
51 0.667236 0.943685 0.0151367 0.047526
32 0.58374 0.174154 0.0131836 0.0436198
7 0.455078 0.169922 0.0136719 0.0442708
28 0.865967 0.66862 0.0161133 0.0442708
20 0.968994 0.845378 0.0151367 0.0449219
48 0.379395 0.828776 0.015625 0.0455729
44 0.801025 0.358073 0.0151367 0.0429688
5 0.0178223 0.181641 0.0141602 0.0442708
29 0.821289 0.901693 0.0146484 0.0455729
26 0.859375 0.603841 0.015625 0.046224
5 0.11084 0.352214 0.0136719 0.0442708
34 0.433105 0.526367 0.0146484 0.0436198
34 0.528076 0.706055 0.0151367 0.0449219
