40 0.191941 0.661172 0.0159951 0.0567766
40 0.283913 0.657967 0.0159951 0.0549451
43 0.192095 0.661401 0.0156875 0.0544872
45 0.832974 0.711538 0.0141495 0.0521978
15 0.968779 0.956731 0.0163027 0.0563187
23 0.048139 0.623397 0.0156875 0.0581502
42 0.283605 0.657509 0.0159951 0.0558608
30 0.592279 0.646291 0.0156875 0.0517399
23 0.137958 0.616987 0.0156875 0.0563187
15 0.96478 0.761905 0.0144571 0.0540293
46 0.74654 0.903159 0.0166103 0.0563187
25 0.549831 0.737637 0.0150723 0.0549451
46 0.741772 0.710623 0.0156875 0.0558608
11 0.2996 0.0867674 0.0147647 0.0535714
38 0.69394 0.0602106 0.0147647 0.0499084
30 0.681021 0.646978 0.0153799 0.0558608
45 0.83482 0.902473 0.0153799 0.0558608
38 0.695325 0.235806 0.0144571 0.0503663
38 0.613042 0.235577 0.0135343 0.0499084
38 0.608428 0.0625 0.0141495 0.0499084
36 0.556906 0.0666209 0.0150723 0.0508242
19 0.0490618 0.434295 0.0150723 0.0544872
30 0.592587 0.840659 0.0156875 0.0558608
40 0.194709 0.474588 0.0159951 0.0526557
11 0.209474 0.263736 0.0147647 0.0531136
21 0.330052 0.528617 0.0147647 0.0517399
11 0.212242 0.08837 0.0147647 0.0521978
36 0.471393 0.0631868 0.0138419 0.0485348
11 0.295448 0.263965 0.0150723 0.0544872
36 0.468933 0.236264 0.0150723 0.0521978
19 0.138727 0.426969 0.0147647 0.0544872
25 0.462627 0.734203 0.0141495 0.0544872
30 0.679945 0.840888 0.0163027 0.0563187
21 0.327899 0.719551 0.0153799 0.0554029
25 0.554752 0.545788 0.0138419 0.0540293
21 0.419256 0.528617 0.0141495 0.0535714
21 0.416026 0.71978 0.0144571 0.0558608
15 0.881421 0.95902 0.0163027 0.0581502
15 0.875115 0.763049 0.0153799 0.0544872
36 0.552753 0.241529 0.0153799 0.0526557
25 0.465703 0.542353 0.0141495 0.0554029
