22 0.0631734 0.408706 0.0146915 0.0494118
1 0.288932 0.640706 0.014365 0.0512941
2 0.288932 0.640706 0.014365 0.0512941
18 0.336108 0.520706 0.0133856 0.0465882
1 0.296115 0.461882 0.013712 0.0494118
50 0.288932 0.640471 0.013712 0.0517647
37 0.705517 0.265412 0.015018 0.0489412
48 0.974698 0.746353 0.0153444 0.0555294
49 0.296115 0.462824 0.014365 0.0494118
30 0.0630101 0.408706 0.015018 0.0512941
38 0.702742 0.0941176 0.0140385 0.048
50 0.201273 0.635765 0.0146915 0.0517647
37 0.702906 0.0931765 0.0130591 0.0489412
49 0.201273 0.636235 0.0153444 0.0517647
48 0.214006 0.288471 0.0133856 0.048
38 0.705191 0.266118 0.015018 0.0484706
51 0.974535 0.746353 0.015018 0.0555294
38 0.616389 0.0988235 0.014365 0.0470588
36 0.741103 0.103765 0.0156709 0.0475294
12 0.593862 0.588706 0.0156709 0.0517647
30 0.142834 0.587294 0.0159974 0.0536471
36 0.835455 0.265412 0.0163239 0.0508235
50 0.208945 0.459765 0.014365 0.0498824
48 0.306562 0.124941 0.014365 0.0503529
36 0.752204 0.272706 0.0156709 0.0494118
30 0.149037 0.408 0.0153444 0.0517647
4 0.722331 0.819529 0.0159974 0.0541176
1 0.458701 0.562118 0.014365 0.0531765
39 0.572315 0.0948235 0.013712 0.0494118
51 0.967026 0.930824 0.013712 0.0545882
12 0.680868 0.588941 0.0153444 0.0522353
39 0.577212 0.263765 0.015018 0.0494118
39 0.49347 0.268 0.0153444 0.0494118
30 0.0572968 0.586588 0.0159974 0.0541176
48 0.221025 0.122588 0.014365 0.0494118
4 0.722168 0.634118 0.015018 0.0531765
36 0.826151 0.0941176 0.0140385 0.0470588
39 0.487267 0.100941 0.0140385 0.0494118
37 0.621613 0.267294 0.013712 0.0470588
1 0.540973 0.751294 0.014365 0.0550588
5 0.324355 0.634118 0.0140385 0.0512941
4 0.812602 0.639765 0.0156709 0.0541176
5 0.412831 0.632 0.0133856 0.0498824
51 0.877081 0.921176 0.0140385 0.056
4 0.80999 0.824941 0.0156709 0.0545882
1 0.548155 0.567529 0.0156709 0.0527059
12 0.593699 0.771765 0.0159974 0.0527059
48 0.29938 0.293647 0.015018 0.0498824
5 0.326151 0.820706 0.015018 0.0536471
12 0.681358 0.771529 0.0156709 0.0522353
1 0.453314 0.746353 0.0153444 0.0555294
51 0.880999 0.736235 0.0153444 0.056
5 0.413973 0.818118 0.015018 0.0541176
