51 0.287354 0.823893 0.0151367 0.0501302
44 0.131348 0.632812 0.015625 0.0442708
24 0.130371 0.816732 0.0146484 0.0436198
20 0.866943 0.66862 0.0141602 0.0403646
29 0.821289 0.902018 0.0136719 0.0449219
21 0.720947 0.71875 0.0141602 0.0416667
24 0.131348 0.632161 0.015625 0.0442708
24 0.223877 0.817057 0.0151367 0.0455729
29 0.721436 0.718099 0.0141602 0.0429688
3 0.577148 0.751628 0.0146484 0.0436198
32 0.678223 0.177409 0.0136719 0.0410156
26 0.955078 0.596354 0.0146484 0.0403646
20 0.969238 0.845703 0.0146484 0.0416667
48 0.380127 0.829102 0.0141602 0.0436198
44 0.799561 0.355143 0.0170898 0.0488281
29 0.817383 0.71582 0.0136719 0.0449219
51 0.572754 0.937826 0.0146484 0.046224
24 0.228516 0.630859 0.0136719 0.0442708
48 0.2854 0.644531 0.0131836 0.0416667
20 0.876221 0.852865 0.0141602 0.0416667
32 0.584473 0.172852 0.0136719 0.0410156
51 0.667969 0.944661 0.0136719 0.0455729
26 0.861084 0.602865 0.0161133 0.0429688
32 0.674805 0.353516 0.0136719 0.0416667
44 0.708496 0.183594 0.0166016 0.0455729
5 0.0180664 0.180664 0.0146484 0.0436198
5 0.0187988 0.355469 0.0141602 0.0442708
7 0.453613 0.344727 0.0136719 0.0436198
32 0.581543 0.350911 0.0136719 0.0429688
34 0.434326 0.525716 0.0141602 0.0423177
29 0.727051 0.904622 0.0136719 0.0449219
7 0.543457 0.348633 0.0146484 0.0449219
34 0.528076 0.706055 0.0151367 0.0449219
34 0.527832 0.525391 0.0146484 0.0442708
7 0.549561 0.173177 0.0141602 0.0442708
34 0.435547 0.707682 0.0146484 0.0442708
5 0.112549 0.176432 0.0141602 0.0442708
7 0.455566 0.169596 0.0146484 0.0449219
5 0.110596 0.351562 0.0141602 0.0442708
